function [v,f,Nant]=obj3d
v=[-1 -1 -1
    1 -1 -1
    1 1 -1
    -1 1 -1
    -1 -1 1
    1 -1 1
    1 1 1
    -1 1 1
    0.001	-0.8 1  
    0.001	0.8  1  
    0.001	0.8  5  
    0.001	-0.8 5  
     0.001	-0.8 -1 
     0.001	0.8  -1 
     0.001	0.8  -5 
     0.001	-0.8 -5 
    -0.001	-0.8 1  
    -0.001	0.8  1  
    -0.001	0.8  5  
    -0.001	-0.8 5  
     -0.001	-0.8 -1 
     -0.001	0.8  -1 
     -0.001	0.8  -5 
     -0.001	-0.8 -5 
    0 0 0
    4 0 0
    0 0 0
    0 3 0];
f=[1 2 6 5
   2 3 7 6
   3 4 8 7
   4 1 5 8
   1 2 3 4
   5 6 7 8
   9 10 11 12
   13 14 15 16
   17 18 19 20
   21 22 23 24
   25 26 25 26
   27 28 27 28];
Nant=[26 28];

% v=[0 0 2
%    3 0 0
%    0 0 -1  
%    0 0.5 0
%    3 1 1];
% 
% f=[1 2 3
%     1 2 4
%     1 3 4
%     2 3 4
%     2 5 2];
% Nant=5;   

